0 1.93111 2.4873 -3.40614 -2.20307 0 1.80791 1.34454 0.300523 -3.90883 0 2.17271 1.26193 0.00983968 -3.03985 0 2.21717 4.4055 0.88293 -1.77593 0 3.44874 0.991186 -1.39877 -4.34932 0 
2.73016 5.26794 6.87151 -1.13243 -1.24681 1.66688 5.31456 5.99202 -0.557358 -1.54708 3.19731 6.25146 1.36605 1.39523 1.40916 2.29656 5.72203 4.73381 0.281275 -0.151185 3.31931 6.42766 2.75659 1.37767 -0.588136 2.94574 
2.86536 5.90617 2.79644 -2.12248 0.522132 1.46797 3.29451 1.01469 -3.09788 -0.509987 0.958289 2.61255 0.513481 -1.80146 -3.24731 1.31157 6.07668 4.74844 0.747786 -0.366848 2.13116 2.1955 3.05196 2.49815 -3.02517 2.3247 
-1.03702 2.97132 0.625586 -1.58634 -3.58 -3.48236 -0.668787 1.80771 -0.849355 -4.3245 -4.29726 4.07265 2.28351 -4.60777 -4.21255 -0.703619 1.36345 -1.65292 -3.70827 -4.72475 -1.79796 1.64974 -0.424782 -3.78554 -3.68252 0.471219 
-2.60157 0.400227 -2.76622 -3.01382 -6.5599 -2.98268 0.495872 -2.50238 -4.6654 -5.86331 -3.14559 2.60946 3.14079 -5.68854 -6.23499 -3.05805 1.73982 -1.86367 -5.26037 -6.36423 -1.81415 -0.304487 -1.11335 -3.49761 -6.99638 -4.31827 
0 1.73254 2.20328 -2.74216 -3.63142 0 4.22727 3.62758 -3.93335 -2.66733 0 3.86029 2.55484 -0.761324 -2.4078 0 4.19466 0.630477 -0.547757 -2.28398 0 1.88544 -1.65344 -3.52218 -3.5117 0 
3.29552 6.81364 4.20725 1.58388 -1.62038 4.41089 6.41606 7.0719 3.20087 -0.982957 3.60748 6.19529 2.97686 2.17902 -0.538668 1.62384 4.93987 4.7871 -0.663941 0.0769097 1.14523 6.84165 4.1988 0.743774 1.54143 1.51212 
2.14308 5.41791 3.08076 -1.49946 1.02433 1.33613 5.06949 4.21937 -1.25415 -1.12655 2.44993 3.81528 3.70706 0.538995 -3.00313 1.94345 5.34472 4.14008 0.719355 -6.02754 -0.706301 5.09081 3.25861 2.36023 -2.26095 2.02511 
-1.99767 1.48122 2.63127 -0.877068 -4.25506 -1.84467 -0.438296 1.12728 -0.511721 -3.57458 -2.84406 1.22904 1.157 -2.43893 -2.32068 -3.68801 2.51454 -0.201322 -2.38131 -3.17359 -0.492852 3.33231 -0.478304 -2.43649 -6.34475 0.568835 
-4.42944 -0.438627 -0.946952 -3.97516 -5.92379 -3.83072 0.890647 -0.0921879 -6.71628 -5.38035 -4.84183 -0.173376 -0.0631949 -4.00848 -5.98571 -2.95489 -2.58118 -0.253802 -3.95653 -6.79233 -3.10355 -0.578268 0.53309 -6.68474 -4.97563 -2.75509 
0 2.33688 1.67658 -1.45588 -3.91978 0 2.29958 1.24338 -1.27148 -2.45119 0 3.67936 3.16096 -1.74831 -3.69517 0 2.87727 1.49867 -4.08183 -3.71492 0 3.14272 1.15911 -1.4971 -2.1358 0 
3.67581 5.18855 5.63438 2.90838 -0.340874 2.58992 5.49444 3.99963 3.75831 0.680849 3.49011 6.05651 4.44239 0.901759 -2.43695 4.03029 6.33597 6.82513 0.337669 1.87358 3.34238 5.82556 6.10432 -0.0418988 1.74826 3.44344 
0.341425 4.97094 6.6122 0.660794 -5.04139 1.58511 2.95274 4.71521 -3.65397 -0.18677 -2.23761 4.64429 4.24682 -0.876852 -2.33783 2.98712 4.80006 3.83358 2.19068 -0.435308 1.97917 3.47442 4.84193 0.716756 -0.892886 0.667983 
-0.407679 0.332285 -1.54676 -3.72184 -2.2791 -2.67999 0.690881 -0.576987 -3.02041 -4.95938 -1.268 2.28933 -1.42027 -4.1857 -7.39812 -1.55499 -1.13608 -1.25548 -3.68488 -6.9185 0.975584 1.45873 1.05587 -3.15648 -3.71763 -0.913682 
-4.99047 -1.9053 1.00665 -5.09512 -6.20962 -2.08136 -1.88884 -1.1887 -2.91127 -6.88735 -2.85287 1.58511 -0.0031003 -8.04552 -7.0389 -2.42025 2.57567 -1.45765 -4.89182 -4.97014 -3.47322 -0.568815 -2.58038 -3.00035 -6.63392 -3.20201 
0 2.98888 0.979661 0.37137 -2.42766 0 2.26488 2.34039 -2.27331 -2.89517 0 3.50388 2.54752 -0.793565 -1.33607 0 2.71752 3.07146 -0.554824 -1.24694 0 3.72249 2.81984 -1.39559 -4.10081 0 
3.60153 6.49225 5.13905 0.167134 2.01878 1.73764 6.94402 5.68553 0.314556 -1.04581 2.85154 7.62321 5.89601 1.73999 -0.823398 2.11443 7.14783 4.93092 2.06931 -0.827443 3.6999 6.07668 5.18439 1.871 0.216956 2.4031 
2.41472 4.03827 2.58306 0.239036 -3.92661 2.37593 3.27583 3.45091 -0.990792 -0.539032 1.73659 5.00749 4.07144 -1.03571 1.31533 1.36089 7.43132 2.42115 0.401784 -3.75708 3.68234 7.22119 5.71283 -2.27968 -3.12951 1.35964 
-3.07167 4.1132 0.748242 -0.774567 -4.30013 -1.33664 1.47059 1.24715 0.9102 -3.92874 -1.13171 0.0633055 3.67806 -3.00173 -3.81809 -1.20033 6.13952 -1.70727 -5.0425 -4.46267 -3.65103 2.24895 3.24823 -2.54381 -6.25078 -5.0169 
-3.39524 -0.217882 -3.52284 -4.42672 -5.77355 -2.00244 -0.429674 -3.6106 -4.03572 -6.1643 -3.01107 -1.48193 -1.92259 -4.80029 -4.82049 -1.74318 -1.67992 -3.59393 -4.60705 -5.90538 -3.51804 0.848091 1.2992 -4.97639 -5.6094 -2.95961 
0 2.74463 -1.38372 -1.46167 -1.20048 0 3.20257 3.28557 0.103763 -3.91014 0 0.913939 1.68742 -3.93856 -2.74513 0 2.09426 0.725794 0.196457 -2.80975 0 2.70371 0.320371 0.0723378 -2.32995 0 
2.62372 5.99965 4.38961 2.84219 -0.185799 1.76658 6.01908 6.90157 0.678631 -2.38531 4.91865 6.44389 3.62327 0.583828 2.06204 2.05071 5.83577 3.95486 -0.356771 0.566622 3.67591 6.02884 6.56855 5.72211 -2.45664 2.29891 
3.29187 4.65336 2.78561 3.11116 -3.21018 1.86896 2.13952 3.82714 -1.55534 -3.21692 1.03436 3.05527 0.153837 -0.213586 -3.92585 2.18036 4.4047 2.1752 -1.60364 -1.44094 3.20709 7.11402 3.01769 -0.028528 -1.19384 4.20125 
-2.08597 1.44043 -2.33651 -2.62648 -3.83851 -2.67543 0.50546 -1.87195 -4.90771 -4.04052 0.506987 2.34368 -1.94296 -3.39083 -3.33896 -2.63615 0.519489 -0.468617 -4.39411 -4.374 -3.93655 2.15474 -2.87812 -3.92319 -3.64474 -2.1868 
-2.23954 -1.87037 -0.397404 -4.88324 -5.78176 -3.70393 0.64816 -3.21667 -4.93251 -6.11634 -3.87505 0.981744 -1.40572 -4.39005 -5.5906 -2.95186 0.168433 -1.33526 -5.11996 -5.46494 -4.90726 1.23031 -0.946253 -6.95845 -6.38977 -4.06108 
0 1.60554 0.0146019 -2.43922 -2.87501 0 3.38472 1.17407 -3.83054 -2.18145 0 1.65618 1.1675 -3.05729 -3.75072 0 2.92089 0.997106 0.1212 -1.32315 0 2.63076 3.54106 -0.132972 -3.80321 0 
